,
813.590000,
740.814000,1030.870000,
582.386000,923.876000,794.912000,
655.581000,515.226000,924.356000,828.609000,
497.087000,805.794000,683.383000,611.147000,657.227000,
600.535000,953.791000,456.144000,665.260000,838.575000,615.793000,
354.153000,836.826000,740.805000,366.039000,707.075000,517.128000,599.928000,
725.425000,336.273000,992.494000,892.420000,524.188000,770.816000,906.633000,776.225000,
309.559000,805.819000,618.203000,461.402000,663.004000,393.881000,469.394000,338.172000,746.032000,
698.814000,991.084000,298.518000,720.885000,882.257000,613.057000,485.077000,681.367000,955.869000,557.581000,
294.613000,905.165000,873.524000,873.325000,743.964000,663.042000,758.592000,606.319000,802.027000,541.363000,853.407000,
287.675000,766.442000,689.962000,499.920000,607.427000,321.564000,569.304000,355.671000,703.096000,252.660000,626.500000,505.000000,
449.751000,809.588000,638.313000,571.034000,663.572000,236.733000,570.328000,470.381000,766.532000,325.264000,548.903000,629.426000,263.901000,
232.892000,811.520000,708.094000,351.921000,672.590000,465.779000,559.282000,231.790000,744.430000,248.077000,648.254000,523.438000,261.155000,413.669000,
494.080000,880.426000,768.242000,218.708000,771.610000,567.503000,633.215000,209.536000,837.948000,407.255000,699.812000,767.121000,439.398000,524.613000,301.525000,
185.126000,808.921000,728.298000,485.675000,661.165000,486.805000,584.608000,213.737000,732.285000,292.361000,678.318000,426.343000,288.082000,437.806000,191.960000,349.008000,
258.437000,806.630000,661.979000,431.201000,664.279000,431.032000,500.466000,293.686000,741.647000,179.745000,608.642000,512.825000,256.139000,371.788000,182.564000,371.999000,238.243000,
404.250000,850.340000,731.209000,182.416000,732.271000,512.794000,587.919000,243.191000,801.175000,324.525000,662.096000,695.485000,356.334000,465.143000,177.711000,189.113000,319.144000,278.832000,
229.589000,786.695000,670.290000,455.857000,636.373000,405.443000,537.327000,299.963000,718.580000,170.673000,615.707000,480.587000,184.970000,342.875000,182.798000,391.183000,223.841000,176.668000,297.655000,
164.417000,848.834000,798.830000,728.454000,685.330000,570.463000,670.990000,458.785000,750.014000,420.983000,768.513000,161.773000,389.959000,530.357000,383.152000,622.780000,290.906000,384.287000,552.066000,353.303000,
334.981000,827.376000,724.553000,303.956000,700.089000,495.654000,579.719000,162.252000,770.432000,302.038000,661.543000,611.292000,324.221000,446.715000,166.131000,188.374000,210.867000,251.513000,159.958000,261.622000,469.989000,
281.495000,796.430000,716.998000,361.452000,651.971000,473.791000,571.719000,221.441000,728.542000,278.465000,657.709000,554.324000,285.644000,425.071000,145.442000,283.997000,209.245000,225.491000,205.957000,223.374000,415.622000,159.294000,
164.504000,795.531000,700.755000,464.231000,646.477000,446.081000,550.618000,274.934000,721.985000,223.453000,649.878000,434.260000,230.601000,391.444000,147.115000,385.293000,165.011000,140.739000,292.705000,142.079000,301.206000,235.510000,193.861000,
221.262000,778.479000,703.143000,470.914000,620.480000,403.579000,566.832000,301.388000,703.000000,248.762000,646.947000,467.128000,137.758000,350.058000,192.722000,398.869000,215.774000,217.783000,311.034000,152.931000,341.025000,264.799000,214.277000,157.498000,
335.724000,839.515000,753.777000,455.088000,703.355000,530.002000,615.984000,135.945000,771.386000,360.600000,700.554000,559.208000,368.643000,484.850000,275.393000,313.502000,225.192000,318.799000,326.122000,317.533000,412.081000,244.514000,267.978000,287.081000,314.895000,
449.144000,805.650000,653.155000,580.329000,657.771000,200.986000,582.355000,478.451000,763.439000,338.814000,579.754000,624.524000,251.130000,134.147000,417.873000,534.596000,441.476000,381.105000,473.024000,351.695000,527.960000,454.485000,431.931000,397.876000,351.133000,492.114000,
129.216000,793.322000,722.540000,502.698000,636.587000,471.431000,578.605000,297.187000,711.440000,274.673000,674.127000,392.778000,258.326000,422.659000,173.943000,418.787000,162.685000,218.739000,328.066000,193.695000,261.585000,264.012000,176.096000,129.221000,174.925000,298.455000,425.177000,
480.174000,874.676000,757.399000,164.677000,767.215000,553.373000,620.057000,256.957000,833.959000,386.059000,687.203000,765.439000,420.045000,509.276000,269.589000,140.468000,367.320000,348.809000,127.605000,369.643000,621.659000,173.553000,260.778000,363.882000,377.958000,350.501000,518.916000,398.944000,
221.317000,808.162000,717.294000,411.204000,667.645000,475.719000,570.773000,199.535000,739.208000,270.987000,661.577000,491.831000,277.170000,425.178000,137.797000,302.079000,125.287000,212.097000,243.672000,206.648000,354.761000,130.283000,155.116000,152.397000,202.187000,236.378000,430.157000,165.971000,283.545000,
286.157000,805.361000,641.388000,444.255000,662.940000,411.863000,472.653000,315.497000,743.548000,124.010000,583.139000,529.010000,252.122000,348.155000,216.691000,388.027000,266.536000,131.272000,300.488000,170.326000,404.498000,276.357000,252.056000,183.568000,232.443000,339.781000,359.532000,248.374000,365.814000,242.582000,
120.976000,830.456000,774.587000,672.695000,671.861000,539.956000,641.774000,413.193000,738.721000,377.712000,739.903000,222.481000,349.960000,497.200000,330.910000,564.221000,231.662000,336.599000,495.113000,306.779000,119.737000,401.186000,356.337000,244.186000,290.320000,382.532000,495.912000,204.400000,554.097000,280.592000,359.063000,
282.446000,821.537000,733.409000,424.520000,682.878000,500.763000,590.972000,118.414000,753.025000,314.299000,678.424000,525.017000,322.536000,452.750000,210.346000,265.509000,135.768000,265.296000,277.662000,263.158000,385.202000,171.927000,206.056000,224.401000,260.313000,170.580000,459.158000,237.975000,307.047000,155.072000,290.177000,334.382000,
406.317000,849.126000,744.625000,289.860000,728.146000,528.152000,604.522000,118.003000,796.599000,352.767000,680.375000,672.340000,378.290000,482.228000,239.794000,118.108000,259.339000,310.668000,190.928000,324.170000,528.656000,135.841000,224.776000,308.153000,328.928000,230.921000,491.246000,337.473000,182.757000,223.674000,330.719000,472.052000,158.345000,
202.581000,868.594000,821.893000,778.727000,707.593000,599.543000,698.406000,537.360000,769.908000,458.642000,794.981000,116.835000,424.479000,561.745000,426.806000,689.591000,357.534000,424.991000,601.574000,392.787000,116.851000,530.461000,469.814000,344.800000,381.582000,499.009000,557.056000,304.694000,678.453000,411.476000,443.742000,160.807000,460.115000,598.086000,
113.774000,808.403000,735.833000,547.905000,655.402000,492.593000,594.211000,294.654000,725.897000,303.268000,691.014000,349.211000,288.248000,444.668000,221.351000,434.976000,123.123000,251.147000,372.746000,227.888000,218.515000,270.508000,243.318000,156.205000,213.900000,285.641000,446.382000,129.890000,423.525000,152.020000,279.052000,136.731000,219.952000,345.319000,276.957000,
142.797000,803.758000,715.790000,456.631000,653.390000,469.176000,569.122000,235.426000,725.427000,259.207000,663.620000,421.005000,255.725000,418.108000,124.548000,360.050000,112.945000,196.540000,280.961000,180.507000,278.921000,209.672000,177.515000,115.863000,179.232000,248.537000,420.831000,114.962000,352.647000,119.039000,229.892000,228.704000,172.239000,275.198000,337.356000,122.342000,
289.973000,818.198000,724.254000,377.052000,682.585000,489.875000,579.569000,141.292000,753.571000,295.616000,666.526000,550.871000,309.080000,440.635000,176.227000,230.192000,137.653000,243.710000,227.504000,245.106000,411.350000,110.674000,169.149000,208.477000,243.989000,205.877000,447.647000,230.179000,254.570000,121.046000,269.592000,348.857000,110.684000,151.612000,478.189000,222.542000,171.223000,
107.795000,798.355000,719.744000,526.479000,643.161000,467.999000,574.482000,308.501000,716.151000,263.785000,673.937000,364.889000,249.896000,416.877000,192.339000,438.123000,162.546000,212.988000,351.967000,175.264000,231.843000,282.258000,227.310000,112.549000,167.441000,301.311000,421.224000,110.061000,422.809000,179.084000,235.339000,181.874000,244.056000,353.819000,279.402000,119.561000,117.238000,240.920000,
323.193000,825.067000,716.060000,271.694000,698.686000,484.219000,569.101000,206.110000,769.443000,280.170000,651.445000,611.959000,304.589000,433.884000,109.942000,220.775000,236.351000,224.906000,107.606000,236.814000,470.195000,112.175000,153.754000,214.999000,244.093000,277.116000,440.761000,249.081000,174.302000,159.747000,252.300000,406.509000,216.297000,180.729000,519.218000,284.478000,203.738000,165.760000,273.517000,
214.854000,789.065000,716.274000,419.367000,646.764000,470.182000,570.336000,231.931000,713.581000,268.238000,661.255000,484.355000,268.559000,420.293000,137.749000,330.236000,161.316000,210.568000,252.334000,200.690000,346.644000,186.262000,106.350000,152.475000,192.121000,257.991000,425.270000,128.663000,313.697000,129.937000,240.447000,288.210000,191.124000,256.696000,401.324000,179.583000,124.518000,167.781000,172.085000,183.814000,
256.527000,812.324000,714.882000,366.261000,676.455000,475.666000,567.702000,170.715000,747.806000,268.846000,656.143000,531.863000,281.731000,424.808000,116.753000,255.193000,133.813000,209.731000,204.057000,210.342000,392.421000,128.188000,153.560000,171.254000,211.516000,224.329000,430.453000,195.276000,258.882000,108.509000,239.968000,330.578000,141.574000,180.040000,447.030000,210.056000,143.176000,104.615000,212.651000,122.145000,147.984000,
103.378000,835.181000,774.288000,674.745000,674.796000,539.598000,641.541000,444.891000,741.479000,374.874000,739.483000,208.586000,345.446000,496.790000,322.824000,590.139000,268.509000,333.416000,497.846000,302.105000,111.918000,431.266000,372.204000,248.249000,292.596000,416.237000,493.645000,209.818000,576.451000,314.836000,356.099000,112.555000,370.593000,500.999000,103.982000,190.753000,237.263000,383.346000,185.718000,416.275000,304.757000,347.711000,
